917
1055
1130
1142
1351
1372
1400
1592
1611
1830
1861
1867
1934
1935
2038
2154
2184
2206
2283
2324
2339
2365
2381
2472
2540
2549
2556
2557
2616
2618
2628
2631
2665
2716
2761
2776
2819
2822
2838
2886
2887
2928
2946
2963
2982
2983
3014
3018
3078
3097
3111
3115
3130
3176
3228
3258
3266
3296
3368
3369
3371
3382
3463
3467
3487
3531
3537
3568
3587
3599
3601
3622
3674
3690
3732
3736
3757
3829
3879
3949
4024
4080
4087
5063
5064
5066
5172
5318
5367
5433
5449
5514
5618
5669
5713
5939
6137
6162
6265
6369
6385
6402
6455
6461
6578
6649
6688
6711
6731
6786
6791
6859
6929
6955
7016
